1.0000000 0.0107002 0.0162173 0.0000000 0.0128379 0.0092164 0.0114123 0.0138078 0.0114292 0.0000000 0.0118853 0.0000000 0.0085847 0.0000000 0.0152520 0.0000000 0.0170577 0.0000000 0.0000000 0.0168361 0.0106543 0.1011947 0.0206908 0.0149854 0.0136175 0.0193729 0.0000000 0.0162831 0.0146728 0.0145313 0.0100763 0.0108882 0.0000000 0.0163267 0.0000000 0.0154994 0.0135715 0.0124684 0.0086050 0.0000000 0.0146819 0.0000000 0.0000000 0.0000000 0.0000000 0.0161558 0.0111404 0.0114611 0.0113463 0.0000000 0.0000000 0.0000000 0.0000000 0.0111714 0.1116347 0.0111869 0.0000000 0.0000000 0.0153320 0.0084771 0.0000000 0.0000000 0.0000000 0.0157907 0.0135990 0.0187954 0.0146932 0.0000000 0.0000000 0.0000000 0.0126681 0.0118481 0.0127836 0.0000000 0.0148189 0.0193083 0.0176324 0.0184498 0.0000000 0.0211462 0.0000000 0.0181857 0.0086366 0.0209031 0.0255706 0.0158349 0.0761967 0.0137625 0.0150747 0.0156797 0.0116806 0.0000000 0.0000000 0.0000000 0.0000000 0.0000000 0.0000000 0.0091350 0.0156314 0.0000000 0.0000000 0.0000000 0.0092412 0.0000000 0.0131585 
0.0107002 1.0000000 0.0406807 0.0000000 0.0322035 0.1108295 0.0755535 0.0346364 0.0118547 0.0189322 0.0123278 0.0548613 0.0442036 0.0000000 0.0158199 0.0731761 0.1129277 0.0669848 0.0219677 0.0174629 0.0267260 0.0272373 0.0214611 0.0375904 0.0341591 0.0200941 0.0000000 0.0168893 0.0368063 0.0364513 0.1989024 0.0112935 0.0543832 0.0409550 0.0000000 0.0388796 0.0340438 0.0129326 0.0215854 0.0000000 0.0368292 0.0652350 0.0000000 0.0000000 0.0000000 0.0831882 0.0645655 0.0118878 0.0117688 0.0411996 0.0000000 0.0000000 0.0719081 0.0280232 0.0300473 0.0812937 0.0000000 0.0665607 0.0384599 0.0491301 0.0577683 0.0220844 0.0265538 0.0396105 0.0141053 0.0471475 0.0368575 0.0000000 0.0000000 0.0000000 0.0317776 0.2025901 0.0132595 0.0228435 0.0371727 0.0200271 0.0442304 0.0191366 0.0201898 0.0219335 0.0284643 0.0456183 0.0089582 0.0524348 0.0265226 0.0397215 0.0205089 0.0345227 0.0156359 0.0162634 0.0121155 0.0000000 0.0762616 0.1064874 0.0346092 0.0000000 0.0710760 0.0905055 0.0162133 0.0152241 0.0196307 0.0000000 0.0231812 0.0000000 0.0136483 
0.0162173 0.0406807 1.0000000 0.0000000 0.0844079 0.1451609 0.1797474 0.0907847 0.0496606 0.0286940 0.0186842 0.0000000 0.0373010 0.0222758 0.0239769 0.0261926 0.1121522 0.0267529 0.0332947 0.0731538 0.1382640 0.0412813 0.0899025 0.0985272 0.0517720 0.0841763 0.0000000 0.0255976 0.0557842 0.0552461 0.0158404 0.0171167 0.0000000 0.0620721 0.0000000 0.1019065 0.0515972 0.0196008 0.0327152 0.0385666 0.0965322 0.0439938 0.0325320 0.0636272 0.0000000 0.0701979 0.0484055 0.0497992 0.0178369 0.0000000 0.1561411 0.0000000 0.0644344 0.0424724 0.0455402 0.1451756 0.0000000 0.0238246 0.1989685 0.0368334 0.0336651 0.1712016 0.0402454 0.0600343 0.0213782 0.1235773 0.0558619 0.0000000 0.0235143 0.0000000 0.0481627 0.0450450 0.0200963 0.0346220 0.0563395 0.0838954 0.0670363 0.0290038 0.0686540 0.0918815 0.0431409 0.1195692 0.0135772 0.1374355 0.1111059 0.0602025 0.0537554 0.0523231 0.0236980 0.0681290 0.0183624 0.0000000 0.0514300 0.0000000 0.0000000 0.0347562 0.0254409 0.0143606 0.0245732 0.0230739 0.0297525 0.0392852 0.0607598 0.0000000 0.0206856 
0.0000000 0.0000000 0.0000000 1.0000000 0.0000000 0.0000000 0.0000000 0.0000000 0.0000000 0.0318083 0.0293787 0.0000000 0.0000000 0.0000000 0.0000000 0.0000000 0.0000000 0.0000000 0.0369084 0.0000000 0.0263358 0.0000000 0.0000000 0.0370416 0.0000000 0.0000000 0.0000000 0.0000000 0.0000000 0.0000000 0.0000000 0.1305204 0.0000000 0.0000000 0.0000000 0.0383121 0.0000000 0.0000000 0.0425407 0.0000000 0.0000000 0.0392159 0.0000000 0.0000000 0.0306740 0.0000000 0.0000000 0.0000000 0.0000000 0.0247670 0.0323019 0.0384719 0.0000000 0.0000000 0.0000000 0.0000000 0.0000000 0.0000000 0.0000000 0.0000000 0.0300089 0.0371044 0.0446135 0.0390323 0.0000000 0.0000000 0.0000000 0.0000000 0.0000000 0.0394202 0.0000000 0.0000000 0.0000000 0.0383798 0.0000000 0.0000000 0.0000000 0.0000000 0.0339212 0.0000000 0.0478233 0.0449524 0.0213485 0.0000000 0.0000000 0.0391416 0.0202095 0.0000000 0.0000000 0.0387578 0.0000000 0.1043109 0.0000000 0.0000000 0.0000000 0.0000000 0.1287522 0.0000000 0.0000000 0.0000000 0.0329818 0.0000000 0.0000000 0.0000000 0.0000000 
0.0128379 0.0322035 0.0844079 0.0000000 1.0000000 0.0479693 0.0593986 0.0718667 0.0393122 0.0227146 0.0147907 0.0000000 0.0295280 0.0176339 0.0189805 0.0207345 0.0887815 0.0211780 0.0263566 0.0579097 0.0320654 0.0326789 0.0711683 0.0779958 0.0409836 0.0666354 0.0000000 0.0202635 0.0441597 0.0437337 0.0125395 0.0135498 0.0000000 0.0491373 0.0000000 0.0806709 0.0408452 0.0155163 0.0258979 0.0305299 0.0764164 0.0348262 0.0257529 0.0503684 0.0000000 0.0555698 0.0383186 0.0394219 0.0141200 0.0000000 0.0286862 0.0000000 0.0510073 0.0336219 0.0360504 0.0336683 0.0000000 0.0188600 0.0461437 0.0291580 0.0266499 0.0264966 0.0318589 0.0475242 0.0169233 0.0978258 0.0442212 0.0000000 0.0186143 0.0000000 0.0381263 0.0356583 0.0159085 0.0274073 0.0445993 0.0664130 0.0530671 0.0229599 0.0543477 0.0727349 0.0341511 0.0946529 0.0107479 0.1087962 0.0879532 0.0476573 0.0425536 0.0414199 0.0187597 0.0539321 0.0145360 0.0000000 0.0407129 0.0000000 0.0000000 0.0275136 0.0201394 0.0113681 0.0194525 0.0182657 0.0235526 0.0310988 0.0480985 0.0000000 0.0163751 
0.0092164 0.1108295 0.1451609 0.0000000 0.0479693 1.0000000 0.1021511 0.0515933 0.0282223 0.0163069 0.0106183 0.0000000 0.0211983 0.0126594 0.0505348 0.1111722 0.0637365 0.0152038 0.0189215 0.0823155 0.0785759 0.0234603 0.1011618 0.0922567 0.0294222 0.0947184 0.0000000 0.1059162 0.0317024 0.0313966 0.0915988 0.0097275 0.0000000 0.0352758 0.0000000 0.0579138 0.0293229 0.0811029 0.0914653 0.0219175 0.0548596 0.0250018 0.1340767 0.0361596 0.0000000 0.0398937 0.1188278 0.0283011 0.0101368 0.0000000 0.0887356 0.0376635 0.0366183 0.0511712 0.0258807 0.3136287 0.0000000 0.1011217 0.1501768 0.0904203 0.1186472 0.1336192 0.0228716 0.0723299 0.0450577 0.0702295 0.0317465 0.0434879 0.0133633 0.0385919 0.0273710 0.2230570 0.0114208 0.0196758 0.0320179 0.0476781 0.0380970 0.0611298 0.1160201 0.2645949 0.0245172 0.0679516 0.0561786 0.0781051 0.1250206 0.0725325 0.0305494 0.0630394 0.1345354 0.1932053 0.0104354 0.0000000 0.0741091 0.0000000 0.0000000 0.0197521 0.1079816 0.0830420 0.0517916 0.0131130 0.1160839 0.0223259 0.0345300 0.0000000 0.1174340 
0.0114123 0.0755535 0.1797474 0.0000000 0.0593986 0.1021511 1.0000000 0.0638861 0.0349467 0.0201922 0.0131482 0.0585125 0.0638976 0.0156757 0.0168727 0.0184320 0.1537297 0.0714428 0.0234298 0.0514790 0.1776095 0.0290501 0.0632653 0.0693346 0.0364325 0.0592357 0.0000000 0.0180133 0.1498592 0.1484138 0.0553372 0.0120452 0.0580026 0.0436808 0.0000000 0.0717126 0.0363095 0.0137933 0.0230220 0.0271397 0.0679306 0.1005355 0.0228931 0.0447751 0.0000000 0.1202511 0.0340634 0.0350442 0.0125520 0.0439416 0.1098780 0.0000000 0.1018270 0.0298883 0.0320471 0.1021615 0.0000000 0.0167656 0.1400161 0.0259201 0.0236905 0.1204763 0.0283211 0.0422468 0.0150441 0.0869626 0.0393105 0.0000000 0.0165473 0.0000000 0.1293846 0.0316986 0.0141420 0.1414039 0.0396467 0.0590381 0.0471741 0.0204102 0.0483125 0.0646579 0.0303587 0.0841420 0.0095544 0.0967147 0.0781863 0.0423651 0.0378282 0.0368203 0.0166765 0.0479431 0.0129218 0.0000000 0.1175289 0.0000000 0.0369125 0.0244583 0.0179030 0.0501678 0.0172924 0.0162374 0.0209371 0.0276454 0.0427573 0.0000000 0.0145567 
0.0138078 0.0346364 0.0907847 0.0000000 0.0718667 0.0515933 0.0638861 1.0000000 0.0422822 0.0244307 0.0159081 0.0000000 0.0317588 0.0189661 0.0204144 0.0223009 0.0954888 0.0227780 0.0283478 0.0622847 0.0344879 0.0351478 0.0765449 0.0838882 0.0440798 0.0716696 0.3133497 0.0217944 0.0474959 0.0470378 0.0134868 0.0145735 0.0000000 0.0528495 0.0000000 0.0867654 0.0439310 0.0166886 0.0278545 0.0328364 0.0821896 0.0374573 0.0276985 0.0541736 0.0000000 0.0597680 0.0412135 0.0424001 0.0151867 0.0000000 0.0308534 0.0000000 0.0548609 0.2042555 0.0387739 0.0362119 0.0000000 0.0202848 0.0496298 0.0313608 0.0286632 0.0284983 0.0342658 0.0511145 0.0182019 0.1052164 0.0475620 0.0000000 0.0200206 0.0000000 0.0410067 0.0383523 0.0171104 0.0294779 0.0479687 0.0714304 0.0570762 0.0246944 0.0584536 0.0782299 0.0367311 0.1018038 0.0115599 0.1170156 0.0945980 0.0512577 0.0457685 0.0445491 0.0201770 0.0580065 0.0156341 0.0000000 0.0437887 0.0000000 0.0000000 0.0295922 0.1664177 0.0122270 0.0209221 0.0196457 0.0253319 0.0334483 0.0517322 0.0000000 0.0176122 
0.0114292 0.0118547 0.0496606 0.0000000 0.0393122 0.0282223 0.0349467 0.0422822 1.0000000 0.1351418 0.0131677 0.0000000 0.1054166 0.0897429 0.0168978 0.0000000 0.0522338 0.0000000 0.0000000 0.0515554 0.0118039 0.0120298 0.0633591 0.0458881 0.0150869 0.0593236 0.0000000 0.0180400 0.0162560 0.0160992 0.0111636 0.0120630 0.0000000 0.0180884 0.0000000 0.0474620 0.0150359 0.0138137 0.0095335 0.0271799 0.0449590 0.0310048 0.0229271 0.0448415 0.0000000 0.0494722 0.0341139 0.0350962 0.0125706 0.0000000 0.0255385 0.0000000 0.0251704 0.0123769 0.0132708 0.0123940 0.0000000 0.0000000 0.0169864 0.1931218 0.0237256 0.0000000 0.0000000 0.0174946 0.0150664 0.0575550 0.0162787 0.0000000 0.0165718 0.0000000 0.0140351 0.0131265 0.0141629 0.0000000 0.0164179 0.0591256 0.0195350 0.0204405 0.0268187 0.0647538 0.0000000 0.0556882 0.0095685 0.0640093 0.0783022 0.0175436 0.0250361 0.0152475 0.0167012 0.0480142 0.0129409 0.0000000 0.0362455 0.0000000 0.0000000 0.0244946 0.0000000 0.0101207 0.0173180 0.0000000 0.0000000 0.0276864 0.0282983 0.0000000 0.0145783 
0.0000000 0.0189322 0.0286940 0.0318083 0.0227146 0.0163069 0.0201922 0.0244307 0.1351418 1.0000000 0.0365067 0.0000000 0.0000000 0.0000000 0.0000000 0.0207834 0.0301807 0.0212280 0.0722821 0.1077500 0.0515766 0.0192117 0.0000000 0.0725431 0.0240940 0.0000000 0.0000000 0.0000000 0.0259612 0.0257108 0.0000000 0.1031276 0.0846446 0.0288875 0.0000000 0.1742261 0.0240126 0.0797968 0.0680874 0.0000000 0.0259773 0.0487307 0.0000000 0.0000000 0.0381164 0.0000000 0.0000000 0.0000000 0.0000000 0.0307762 0.0401392 0.0478062 0.0227883 0.0197661 0.0211937 0.0197934 0.0000000 0.0189045 0.0271275 0.1002351 0.0372899 0.0726659 0.0873720 0.0764417 0.0000000 0.0332553 0.0259973 0.0000000 0.0542696 0.1510484 0.0224142 0.0209633 0.0000000 0.0751637 0.0262196 0.0000000 0.0311977 0.0000000 0.0664320 0.0000000 0.2174789 0.0880358 0.0265282 0.0369846 0.0000000 0.0766558 0.0395787 0.0243504 0.0000000 0.0481615 0.0000000 0.0000000 0.0000000 0.0000000 0.0000000 0.0000000 0.0201869 0.0000000 0.0000000 0.0183088 0.0645922 0.0906678 0.0163508 0.0000000 0.0000000 
0.0118853 0.0123278 0.0186842 0.0293787 0.0147907 0.0106183 0.0131482 0.0159081 0.0131677 0.0365067 1.0000000 0.0915500 0.1467551 0.1280698 0.0456346 0.0000000 0.0510370 0.0000000 0.1137885 0.0503741 0.0425008 0.0670374 0.0619073 0.1314642 0.0156889 0.0579643 0.2115171 0.1582139 0.0169047 0.0167417 0.0301486 0.0434338 0.0243345 0.0488500 0.0000000 0.1878149 0.0406064 0.1211487 0.0587384 0.0255892 0.0169152 0.0741987 0.0000000 0.0000000 0.0352049 0.0483387 0.0128349 0.0132045 0.0130722 0.0787421 0.2058095 0.2451211 0.0000000 0.0128707 0.0138004 0.0690670 0.0243745 0.0536556 0.0458739 0.1449158 0.1912000 0.1143927 0.1375434 0.2378309 0.0406886 0.0216543 0.0169283 0.1233112 0.0156020 0.0452429 0.0145951 0.0354499 0.0382488 0.0726167 0.0170730 0.0577708 0.0203145 0.0552022 0.1908775 0.1665594 0.0904845 0.2739031 0.1084196 0.0625427 0.0765081 0.0923019 0.0887147 0.0411777 0.2135350 0.1664043 0.0134573 0.0000000 0.0341242 0.0000000 0.0000000 0.0629420 0.1818973 0.0542242 0.0467695 0.0000000 0.1016828 0.0260661 0.0106469 0.0310248 0.1278538 
0.0000000 0.0548613 0.0000000 0.0000000 0.0000000 0.0000000 0.0585125 0.0000000 0.0000000 0.0000000 0.0915500 1.0000000 0.0924098 0.0452851 0.0734440 0.0000000 0.1226886 0.0615140 0.0000000 0.0810717 0.0752130 0.0612112 0.0996333 0.0000000 0.0961315 0.2300486 0.0510109 0.0784086 0.0000000 0.1025824 0.1001837 0.0000000 0.1314978 0.0786189 0.0000000 0.0320130 0.0280312 0.0600396 0.0000000 0.0669711 0.0000000 0.1577374 0.0000000 0.0000000 0.0000000 0.1606291 0.0000000 0.0000000 0.0000000 0.1078562 0.0629266 0.0749461 0.0660352 0.0000000 0.0000000 0.0630644 0.0637919 0.0602323 0.0738292 0.0477884 0.0584597 0.0000000 0.0000000 0.1114732 0.0654840 0.1326841 0.0000000 0.1878441 0.0408328 0.0000000 0.0000000 0.0570528 0.0615573 0.1843762 0.2154553 0.0929760 0.0000000 0.0888421 0.0000000 0.0000000 0.0399604 0.1283806 0.0415884 0.0431741 0.1231317 0.0327062 0.0629770 0.0284256 0.0000000 0.0755031 0.0000000 0.0000000 0.1843996 0.0000000 0.0431544 0.0706570 0.0643183 0.0468365 0.0322857 0.0000000 0.0000000 0.0682190 0.0000000 0.0811968 0.0633626 
0.0085847 0.0442036 0.0373010 0.0000000 0.0295280 0.0211983 0.0638976 0.0317588 0.1054166 0.0000000 0.1467551 0.0924098 1.0000000 0.3219916 0.0126922 0.0000000 0.0955060 0.0395798 0.0000000 0.0387241 0.0929096 0.0484207 0.0475901 0.0344674 0.0113320 0.0445589 0.0000000 0.0135502 0.0122102 0.0120924 0.0416263 0.0090607 0.0436313 0.0135865 0.0000000 0.0356495 0.0112937 0.0103757 0.0071608 0.0204153 0.0337694 0.0756259 0.0172209 0.0336812 0.0000000 0.0904566 0.0256236 0.1167693 0.0094420 0.0693977 0.0191824 0.0000000 0.0613948 0.0092965 0.0099680 0.0498867 0.0000000 0.0387551 0.0127588 0.1089362 0.0178207 0.0000000 0.0000000 0.0131405 0.0113166 0.0432305 0.0122272 0.0651844 0.0124474 0.0000000 0.0105420 0.0098596 0.0106380 0.0000000 0.0123317 0.0444102 0.0146731 0.0153532 0.0201440 0.0486377 0.0000000 0.0418284 0.0071871 0.0480785 0.0588142 0.0131773 0.0484608 0.0114526 0.0125446 0.0360643 0.0097202 0.0000000 0.0884089 0.0000000 0.0941608 0.0638610 0.2213827 0.0377378 0.0130079 0.0000000 0.0000000 0.0207957 0.0212553 0.0000000 0.0109500 
0.0000000 0.0000000 0.0222758 0.0000000 0.0176339 0.0126594 0.0156757 0.0189661 0.0897429 0.0000000 0.1280698 0.0452851 0.3219916 1.0000000 0.0000000 0.0000000 0.0234300 0.0000000 0.0000000 0.0231257 0.0000000 0.0368541 0.0284203 0.0205836 0.0000000 0.0266101 0.0000000 0.0000000 0.0000000 0.0000000 0.0000000 0.0000000 0.0000000 0.0000000 0.0000000 0.0212895 0.0000000 0.0000000 0.0000000 0.0191034 0.0201668 0.0217917 0.0161143 0.0315169 0.0000000 0.0221912 0.0153021 0.0157427 0.0000000 0.0340081 0.0179498 0.0000000 0.0176910 0.0000000 0.0000000 0.0379699 0.0000000 0.0362648 0.0000000 0.1579074 0.0166756 0.0000000 0.0000000 0.0000000 0.0000000 0.0258168 0.0000000 0.0609958 0.0116475 0.0000000 0.0000000 0.0000000 0.0000000 0.0000000 0.0000000 0.0265214 0.0000000 0.0000000 0.0188496 0.0290459 0.0000000 0.0249795 0.0000000 0.0287120 0.0351232 0.0000000 0.0389803 0.0000000 0.0000000 0.0215372 0.0000000 0.0000000 0.0254752 0.0000000 0.0000000 0.0597574 0.0387249 0.0000000 0.0000000 0.0000000 0.0000000 0.0194594 0.0126935 0.0000000 0.0000000 
0.0152520 0.0158199 0.0239769 0.0000000 0.0189805 0.0505348 0.0168727 0.0204144 0.0168978 0.0000000 0.0456346 0.0734440 0.0126922 0.0000000 1.0000000 0.0000000 0.0654942 0.0000000 0.0000000 0.2684689 0.0157520 0.0160534 0.3299354 0.0821671 0.0201331 0.3089208 0.0583131 0.1944416 0.0216933 0.0214841 0.0703643 0.0160978 0.0728039 0.1949630 0.0000000 0.0595110 0.0521090 0.1488892 0.0127223 0.0765580 0.0217068 0.0873315 0.0469815 0.0000000 0.0000000 0.1128184 0.0164707 0.0169449 0.0167752 0.0000000 0.0719345 0.1480035 0.0000000 0.0612547 0.0177096 0.0613393 0.1386082 0.0000000 0.2444852 0.0125331 0.0668282 0.0601133 0.0000000 0.0865829 0.1494234 0.0277884 0.0217235 0.2599945 0.0466780 0.0638651 0.0187295 0.1414823 0.1526529 0.0854695 0.0219093 0.2305666 0.0260690 0.2942003 0.0000000 0.0312640 0.0456808 0.0268871 0.1031331 0.0802591 0.4077502 0.1242134 0.0313919 0.1079563 0.0826566 0.1722854 0.0172694 0.0000000 0.1763663 0.0000000 0.0000000 0.0000000 0.0000000 0.2695545 0.6382571 0.0000000 0.0000000 0.0779846 0.0136628 0.1764259 0.2098250 
0.0000000 0.0731761 0.0261926 0.0000000 0.0207345 0.1111722 0.0184320 0.0223009 0.0000000 0.0207834 0.0000000 0.0000000 0.0000000 0.0000000 0.0000000 1.0000000 0.0275498 0.0651918 0.1233486 0.0000000 0.0172077 0.0589997 0.0000000 0.0242028 0.0219936 0.0000000 0.0000000 0.0000000 0.0236980 0.0234694 0.0526355 0.0000000 0.0000000 0.0263692 0.0276581 0.0250330 0.0219193 0.0000000 0.0138980 0.0531082 0.0237128 0.0000000 0.0447983 0.0000000 0.0000000 0.0000000 0.0581937 0.0000000 0.0000000 0.0000000 0.0499009 0.0000000 0.0699834 0.0180430 0.0650866 0.0765046 0.1386293 0.7319403 0.0247627 0.0442817 0.1097756 0.0242438 0.1490993 0.0255036 0.0903774 0.0303563 0.0237310 0.0000000 0.0323805 0.0000000 0.0204603 0.0810266 0.0000000 0.0843673 0.0239339 0.0000000 0.0284781 0.0000000 0.0745664 0.0000000 0.0312476 0.0293717 0.0000000 0.0337605 0.0000000 0.0255750 0.0132048 0.0747809 0.0000000 0.0000000 0.0000000 0.0418601 0.0000000 0.0000000 0.0000000 0.0832977 0.0780258 0.0477185 0.0000000 0.0167128 0.1611770 0.0540979 0.0149254 0.0000000 0.0000000 
0.0170577 0.1129277 0.1121522 0.0000000 0.0887815 0.0637365 0.1537297 0.0954888 0.0522338 0.0301807 0.0510370 0.1226886 0.0955060 0.0234300 0.0654942 0.0275498 1.0000000 0.3297992 0.0350198 0.1214022 0.0426051 0.0434203 0.2596286 0.1836128 0.0544546 0.1396946 0.0652165 0.0699215 0.0586747 0.0581087 0.1093188 0.0180036 0.1216194 0.1084012 0.0000000 0.1481149 0.0901082 0.0535408 0.0344104 0.0772903 0.1798948 0.2768360 0.0968321 0.1893875 0.0000000 0.6089316 0.0509136 0.0523796 0.0187612 0.0656782 0.0726226 0.0410988 0.1521980 0.0446731 0.0478999 0.0447349 0.0349820 0.0250591 0.1017971 0.0387420 0.0674675 0.0352058 0.0423307 0.0631451 0.0583959 0.1299805 0.1371775 0.0474544 0.0471245 0.0000000 0.0506582 0.0786655 0.0548942 0.0774163 0.0592587 0.2422809 0.1646181 0.1776960 0.0722114 0.2095044 0.0964650 0.1257647 0.0370868 0.3113187 0.3208617 0.1051361 0.1217666 0.1648292 0.0249259 0.1967492 0.0193138 0.0000000 0.3236294 0.0000000 0.0551721 0.0365571 0.0267591 0.0749844 0.0671231 0.0242695 0.0312942 0.0787306 0.1132304 0.0445265 0.0565041 
0.0000000 0.0669848 0.0267529 0.0000000 0.0211780 0.0152038 0.0714428 0.0227780 0.0000000 0.0212280 0.0000000 0.0615140 0.0395798 0.0000000 0.0000000 0.0651918 0.3297992 1.0000000 0.0246316 0.0000000 0.0175758 0.0602619 0.0000000 0.0247206 0.0224641 0.0000000 0.0000000 0.0000000 0.0242050 0.0239715 0.0464570 0.0000000 0.0609779 0.0269333 0.0282498 0.0255685 0.0223882 0.0000000 0.0141953 0.0542443 0.0242200 0.0731456 0.0457567 0.0000000 0.0000000 0.0744866 0.0000000 0.0000000 0.0000000 0.0461956 0.0509684 0.0000000 0.4676420 0.0184289 0.0664789 0.0184544 0.0516693 0.0592982 0.0252924 0.0000000 0.0473504 0.0247624 0.0297738 0.0260491 0.0000000 0.0310057 0.0242387 0.0000000 0.0330732 0.0000000 0.0208979 0.0195452 0.0000000 0.0861721 0.0244459 0.0000000 0.0290873 0.0000000 0.0761616 0.0000000 0.0319160 0.0300000 0.0000000 0.0344827 0.0000000 0.0261221 0.0134873 0.0763806 0.0000000 0.0000000 0.0000000 0.0427556 0.0855094 0.0000000 0.0388060 0.0000000 0.0188213 0.0421171 0.0000000 0.0170703 0.0740523 0.0552551 0.0152447 0.0000000 0.0000000 
0.0000000 0.0219677 0.0332947 0.0369084 0.0263566 0.0189215 0.0234298 0.0283478 0.0000000 0.0722821 0.1137885 0.0000000 0.0000000 0.0000000 0.0000000 0.1233486 0.0350198 0.0246316 1.0000000 0.0000000 0.0598463 0.0222921 0.0000000 0.1742338 0.0279571 0.0000000 0.0000000 0.0000000 0.0301237 0.0298331 0.0000000 0.0388063 0.0000000 0.0335192 0.0000000 0.0870615 0.0278627 0.0000000 0.0790043 0.0000000 0.0301424 0.0565440 0.0000000 0.0000000 0.0442278 0.0000000 0.0000000 0.0000000 0.0000000 0.0357107 0.1251106 0.1490079 0.0264421 0.0229353 0.0245919 0.0229670 0.1119146 0.1121973 0.0314771 0.0000000 0.1162296 0.1745288 0.8272913 0.1835974 0.1148831 0.0385874 0.0301656 0.0000000 0.0000000 0.0568386 0.0260080 0.0243245 0.0000000 0.0872152 0.0304236 0.0000000 0.0361999 0.0000000 0.1595561 0.0000000 0.1086751 0.2114440 0.0307816 0.0429146 0.0000000 0.2796293 0.0459247 0.0282547 0.0000000 0.1501153 0.0000000 0.0000000 0.0000000 0.0000000 0.0000000 0.1058838 0.0234237 0.0548998 0.0000000 0.0212444 0.6115981 0.0000000 0.0189724 0.0000000 0.0000000 
0.0168361 0.0174629 0.0731538 0.0000000 0.0579097 0.0823155 0.0514790 0.0622847 0.0515554 0.1077500 0.0503741 0.0810717 0.0387241 0.0231257 0.2684689 0.0000000 0.1214022 0.0000000 0.0000000 1.0000000 0.0173880 0.0177207 0.4237668 0.1338410 0.0222240 0.3967757 0.0643694 0.5133767 0.0239463 0.0237154 0.0776723 0.1089401 0.1911098 0.2152115 0.0000000 0.4291099 0.0575209 0.2687546 0.0140436 0.2941553 0.0662279 0.1420739 0.0856341 0.0660548 0.0000000 0.1710451 0.0502523 0.0516993 0.0185175 0.0000000 0.1170256 0.1633749 0.0370778 0.0676165 0.0195489 0.0677099 0.1530038 0.0000000 0.2698769 0.0382388 0.2567710 0.0663565 0.0000000 0.0955752 0.1649423 0.0847827 0.0239797 0.2869971 0.1469409 0.2040330 0.0206747 0.1561764 0.1685072 0.0943463 0.0241847 0.3100977 0.0287765 0.3247554 0.2068601 0.0953871 0.2124257 0.0820329 0.1138443 0.1487709 0.5237115 0.1371140 0.0581890 0.1191684 0.0912412 0.2353175 0.0190630 0.0000000 0.2480757 0.0000000 0.0000000 0.0360823 0.0000000 0.0149086 0.2209043 0.0000000 0.0000000 0.2454931 0.0416855 0.1947492 0.2316171 
0.0106543 0.0267260 0.1382640 0.0263358 0.0320654 0.0785759 0.1776095 0.0344879 0.0118039 0.0515766 0.0425008 0.0752130 0.0929096 0.0000000 0.0157520 0.0172077 0.0426051 0.0175758 0.0598463 0.0173880 1.0000000 0.0271205 0.0213691 0.0755390 0.1107781 0.1292181 0.0000000 0.0168169 0.1399054 0.2204728 0.0104066 0.0389352 0.0000000 0.0407794 0.0000000 0.0781299 0.0338978 0.0128771 0.0652604 0.0000000 0.0366713 0.0403467 0.0000000 0.0000000 0.0315586 0.0166854 0.0115056 0.0118369 0.0117183 0.0254813 0.1120064 0.0395813 0.0188676 0.0279031 0.0299185 0.0953758 0.0000000 0.0156521 0.1307161 0.0087550 0.0308743 0.1506485 0.0723400 0.1686151 0.0140448 0.1528998 0.0366995 0.0000000 0.0000000 0.0405569 0.1207908 0.0295932 0.0132026 0.2590265 0.0370133 0.0199412 0.0440408 0.0190546 0.0550027 0.0218394 0.0775447 0.1941893 0.0308839 0.0522099 0.0264089 0.0798215 0.0412133 0.0343747 0.0155688 0.0560692 0.0120635 0.0000000 0.0000000 0.0000000 0.0824004 0.0000000 0.0167139 0.0094345 0.0161438 0.0151589 0.0534794 0.0000000 0.0230818 0.0000000 0.0135898 
0.1011947 0.0272373 0.0412813 0.0000000 0.0326789 0.0234603 0.0290501 0.0351478 0.0120298 0.0192117 0.0670374 0.0612112 0.0484207 0.0368541 0.0160534 0.0589997 0.0434203 0.0602619 0.0222921 0.0177207 0.0271205 1.0000000 0.0217779 0.0381453 0.0346634 0.0203908 0.0000000 0.0171386 0.0373497 0.0369894 0.0106058 0.0114603 0.0000000 0.0415597 0.0255666 0.0394536 0.0345464 0.0131235 0.0219041 0.0490921 0.0373729 0.0000000 0.0414106 0.0000000 0.0000000 0.0170047 0.0117257 0.0120633 0.0119425 0.0459682 0.0461273 0.0000000 0.0646911 0.0284369 0.7223738 0.0797996 0.0467616 0.2291078 0.0390277 0.0478139 0.0428529 0.0224104 0.0269459 0.0401953 0.0143135 0.0478436 0.0374017 0.0824470 0.0299318 0.0000000 0.0322468 0.0301594 0.0134552 0.0779873 0.0377215 0.0203228 0.0448834 0.0194192 0.0689276 0.0222573 0.0288845 0.0462918 0.0090904 0.0532089 0.0269142 0.0403079 0.1299159 0.2209227 0.0158667 0.0165035 0.0122943 0.0386945 0.0000000 0.0000000 0.0000000 0.0575024 0.0693775 0.0096150 0.0164527 0.0154489 0.0670186 0.0500069 0.0235235 0.0000000 0.0138498 
0.0206908 0.0214611 0.0899025 0.0000000 0.0711683 0.1011618 0.0632653 0.0765449 0.0633591 0.0000000 0.0619073 0.0996333 0.0475901 0.0284203 0.3299354 0.0000000 0.2596286 0.0000000 0.0000000 0.4237668 0.0213691 0.0217779 1.0000000 0.2614994 0.0273123 0.4876184 0.0791070 0.2637774 0.0294289 0.0291451 0.0954555 0.0218381 0.0987650 0.2644847 0.0000000 0.3941995 0.0706905 0.2019815 0.0172589 0.1530626 0.1764417 0.2773118 0.1811909 0.2297251 0.0000000 0.3147989 0.0617577 0.0635359 0.0227571 0.0000000 0.1438189 0.2007800 0.0455669 0.0830974 0.0240247 0.0832123 0.1880343 0.0000000 0.3316659 0.0469936 0.1336098 0.0815490 0.0000000 0.1174574 0.2027062 0.1041939 0.1245939 0.3527057 0.0933235 0.0866387 0.0254082 0.1919334 0.2070872 0.1159470 0.0297219 0.5060968 0.1495173 0.5185524 0.0485510 0.2541267 0.0619701 0.1008145 0.1399092 0.3181588 0.8091606 0.1685066 0.1244420 0.2355504 0.3636764 0.3907040 0.2183372 0.0000000 0.4249439 0.0000000 0.0000000 0.0443434 0.0000000 0.0183219 0.2714808 0.0000000 0.0000000 0.1559148 0.1110569 0.2393374 0.2846463 
0.0149854 0.0375904 0.0985272 0.0370416 0.0779958 0.0922567 0.0693346 0.0838882 0.0458881 0.0725431 0.1314642 0.0000000 0.0344674 0.0205836 0.0821671 0.0242028 0.1836128 0.0247206 0.1742338 0.1338410 0.0755390 0.0381453 0.2614994 1.0000000 0.0478391 0.1540076 0.0000000 0.0236531 0.0515465 0.0510493 0.0146371 0.0547628 0.0000000 0.0573568 0.0000000 0.1496055 0.0476776 0.0181118 0.0917895 0.0356369 0.1580401 0.1717880 0.1312284 0.1663795 0.0443875 0.1406171 0.0447283 0.0460162 0.0164819 0.0358397 0.1590471 0.2107851 0.0595396 0.0832018 0.0420807 0.0833168 0.0000000 0.0220148 0.1141888 0.0340354 0.1477570 0.2342212 0.2106075 0.2693295 0.0732617 0.1141897 0.1205123 0.0707093 0.0217281 0.1197923 0.0445039 0.0416231 0.0185697 0.0875302 0.0520596 0.1680553 0.1446193 0.1859017 0.1952955 0.1840525 0.1090675 0.2852229 0.0434385 0.2250061 0.3231737 0.1745751 0.1172516 0.1670288 0.0812115 0.3488243 0.0169675 0.0000000 0.2074597 0.0000000 0.0000000 0.0321159 0.0235082 0.0683677 0.0842106 0.0213211 0.1556975 0.0363009 0.0994745 0.0000000 0.0708883 
0.0136175 0.0341591 0.0517720 0.0000000 0.0409836 0.0294222 0.0364325 0.0440798 0.0150869 0.0240940 0.0156889 0.0961315 0.0113320 0.0000000 0.0201331 0.0219936 0.0544546 0.0224641 0.0279571 0.0222240 0.1107781 0.0346634 0.0273123 0.0478391 1.0000000 0.1651567 0.0000000 0.0214940 0.0468413 0.3106749 0.0133010 0.0143726 0.0000000 0.0521212 0.0000000 0.0494799 0.0433256 0.0164585 0.0274706 0.0000000 0.0468704 0.0000000 0.0000000 0.0000000 0.0000000 0.0213261 0.0147055 0.0151290 0.0149774 0.0000000 0.0000000 0.0000000 0.0241152 0.0356636 0.0382395 0.1460578 0.0000000 0.0200053 0.0489458 0.0111900 0.0000000 0.0281056 0.0337935 0.5542645 0.0179510 0.6807500 0.0469065 0.0000000 0.0000000 0.0000000 0.0404416 0.0378237 0.0168746 0.3114613 0.0473076 0.0254874 0.0562896 0.0243541 0.0256944 0.0279135 0.0362249 0.4166394 0.0114006 0.0667308 0.0337539 0.2486897 0.0261005 0.0439351 0.0198989 0.0206975 0.0154187 0.0000000 0.0000000 0.0000000 0.0830221 0.0000000 0.0213624 0.0120585 0.0206338 0.1214437 0.0249828 0.0000000 0.0295014 0.0000000 0.0173695 
0.0193729 0.0200941 0.0841763 0.0000000 0.0666354 0.0947184 0.0592357 0.0716696 0.0593236 0.0000000 0.0579643 0.2300486 0.0445589 0.0266101 0.3089208 0.0000000 0.1396946 0.0000000 0.0000000 0.3967757 0.1292181 0.0203908 0.4876184 0.1540076 0.1651567 1.0000000 0.0740684 0.2469766 0.0275545 0.1762395 0.0893756 0.2142696 0.0924744 0.2476388 0.0000000 0.1269328 0.0661880 0.1891166 0.0161596 0.1433136 0.0762068 0.1634811 0.0985372 0.0760078 0.0000000 0.1968175 0.0578242 0.0594891 0.0213076 0.0000000 0.1346586 0.1879917 0.0426646 0.0778047 0.0224945 0.0779122 0.1760578 0.0000000 0.3105410 0.0440005 0.1250998 0.0763549 0.0000000 0.2718365 0.1897952 0.2902163 0.0275928 0.3302407 0.0873794 0.0811204 0.0237898 0.1797085 0.1938972 0.2677163 0.0278288 0.3568221 0.0331125 0.3736883 0.0454586 0.1097597 0.0580230 0.2808033 0.1309980 0.1711871 0.6026225 0.1577738 0.0669567 0.1371243 0.1049890 0.2707742 0.0219353 0.0000000 0.2854549 0.0000000 0.0000000 0.0415190 0.0000000 0.0171549 0.2541893 0.0000000 0.0000000 0.1459841 0.2124708 0.2240933 0.2665163 
0.0000000 0.0000000 0.0000000 0.0000000 0.0000000 0.0000000 0.0000000 0.3133497 0.0000000 0.0000000 0.2115171 0.0510109 0.0000000 0.0000000 0.0583131 0.0000000 0.0652165 0.0000000 0.0000000 0.0643694 0.0000000 0.0000000 0.0791070 0.0000000 0.0000000 0.0740684 1.0000000 0.2897818 0.0000000 0.0000000 0.0385248 0.0000000 0.0505664 0.0624219 0.0000000 0.0592587 0.0518880 0.2218938 0.0000000 0.0531738 0.0000000 0.0606565 0.0000000 0.0000000 0.0000000 0.0617685 0.0000000 0.0000000 0.0000000 0.0000000 0.0499625 0.0595058 0.0000000 0.0000000 0.0000000 0.0000000 0.0506496 0.0000000 0.0586190 0.0000000 0.0464159 0.0000000 0.0000000 0.0000000 0.0519931 0.0000000 0.0000000 0.0687080 0.0324205 0.0000000 0.0000000 0.0452988 0.0488754 0.0593633 0.0000000 0.0738212 0.0000000 0.0705389 0.0000000 0.2954809 0.0739700 0.0000000 0.1537021 0.0799188 0.0977642 0.0605417 0.0312588 0.0526180 0.2106417 0.0599481 0.0000000 0.0000000 0.0709093 0.0000000 0.0000000 0.0000000 0.2589193 0.0000000 0.0597634 0.0000000 0.0000000 0.0541646 0.0000000 0.0644688 0.2341747 
0.0162831 0.0168893 0.0255976 0.0000000 0.0202635 0.1059162 0.0180133 0.0217944 0.0180400 0.0000000 0.1582139 0.0784086 0.0135502 0.0000000 0.1944416 0.0000000 0.0699215 0.0000000 0.0000000 0.5133767 0.0168169 0.0171386 0.2637774 0.0236531 0.0214940 0.2469766 0.2897818 1.0000000 0.0231597 0.0229364 0.0751208 0.0171860 0.0777253 0.2081421 0.0000000 0.0635338 0.0556314 0.5444875 0.0135823 0.0817332 0.0231741 0.0932349 0.0000000 0.0000000 0.0000000 0.1204447 0.0175841 0.0180904 0.0179092 0.0000000 0.0767972 0.0914662 0.0000000 0.0176331 0.0189068 0.0176575 0.1479778 0.0000000 0.1954615 0.0133803 0.0713457 0.0000000 0.0000000 0.0249243 0.1013831 0.0296668 0.0231920 0.2007372 0.0498334 0.0000000 0.0199955 0.1510462 0.1629719 0.0912471 0.0233903 0.2461524 0.0278312 0.2352078 0.1360465 0.2281891 0.0487687 0.0287046 0.3771575 0.0856845 0.3259889 0.0649095 0.0335139 0.0564141 0.4899165 0.1168949 0.0184368 0.0000000 0.1089944 0.0000000 0.0000000 0.0000000 0.0000000 0.0144188 0.1468177 0.0000000 0.0000000 0.0832562 0.0145864 0.1883519 0.5746228 
0.0146728 0.0368063 0.0557842 0.0000000 0.0441597 0.0317024 0.1498592 0.0474959 0.0162560 0.0259612 0.0169047 0.0000000 0.0122102 0.0000000 0.0216933 0.0236980 0.0586747 0.0242050 0.0301237 0.0239463 0.1399054 0.0373497 0.0294289 0.0515465 0.0468413 0.0275545 0.0000000 0.0231597 1.0000000 0.1908158 0.0143318 0.0154865 0.1783165 0.0561604 0.0000000 0.0533145 0.0466832 0.0177340 0.0295995 0.0000000 0.0505028 0.0000000 0.0000000 0.0000000 0.0000000 0.0229788 0.0158452 0.0163014 0.0161381 0.0000000 0.0000000 0.0000000 0.0259840 0.0384274 0.0412030 0.0384805 0.0000000 0.0215556 0.0527389 0.0120572 0.0000000 0.0302837 0.0364125 0.0543167 0.0193422 0.0646520 0.0505416 0.0000000 0.0000000 0.0000000 0.1663500 0.0407549 0.0181823 0.1818032 0.0509738 0.0274625 0.0606518 0.0262415 0.0276857 0.0300767 0.0390322 0.0625550 0.0122841 0.0719022 0.0363697 0.0544688 0.0281232 0.0473399 0.0214410 0.0223015 0.0166136 0.0000000 0.0000000 0.0000000 0.0000000 0.0000000 0.0230179 0.1361553 0.0222328 0.0208764 0.0269189 0.0000000 0.0317877 0.0000000 0.0187156 
0.0145313 0.0364513 0.0552461 0.0000000 0.0437337 0.0313966 0.1484138 0.0470378 0.0160992 0.0257108 0.0167417 0.1025824 0.0120924 0.0000000 0.0214841 0.0234694 0.0581087 0.0239715 0.0298331 0.0237154 0.2204728 0.0369894 0.0291451 0.0510493 0.3106749 0.1762395 0.0000000 0.0229364 0.1908158 1.0000000 0.0141935 0.0153371 0.0000000 0.0556187 0.0000000 0.0528002 0.0462329 0.0175630 0.0293140 0.0000000 0.0500156 0.0000000 0.0000000 0.0000000 0.0000000 0.0227571 0.0156923 0.0161442 0.0159825 0.0000000 0.0000000 0.0000000 0.0257334 0.0380567 0.0408056 0.0381093 0.0000000 0.0213477 0.0522303 0.0119409 0.0000000 0.0299916 0.0360612 0.1752016 0.0191556 0.4288044 0.0500541 0.0000000 0.0000000 0.0000000 0.1647455 0.0403618 0.0180070 0.7272565 0.0504821 0.0271977 0.0600668 0.0259884 0.0274186 0.0297866 0.0386557 0.2017748 0.0121656 0.0712087 0.0360189 0.0539435 0.0278520 0.0468833 0.0212342 0.0220864 0.0164533 0.0000000 0.0000000 0.0000000 0.0000000 0.0000000 0.0227959 0.0128676 0.0220184 0.0206750 0.0266593 0.0000000 0.0314811 0.0000000 0.0185350 
0.0100763 0.1989024 0.0158404 0.0000000 0.0125395 0.0915988 0.0553372 0.0134868 0.0111636 0.0000000 0.0301486 0.1001837 0.0416263 0.0000000 0.0703643 0.0526355 0.1093188 0.0464570 0.0000000 0.0776723 0.0104066 0.0106058 0.0954555 0.0146371 0.0133010 0.0893756 0.0385248 0.0751208 0.0143318 0.0141935 1.0000000 0.0727081 0.0993106 0.0753223 0.0000000 0.0393161 0.1117968 0.0575220 0.0084050 0.0505783 0.0143407 0.1191274 0.0000000 0.0000000 0.0000000 0.1370916 0.0608011 0.0111947 0.0110826 0.0387975 0.0475238 0.0566013 0.0498715 0.0109118 0.0116999 0.0610550 0.1237015 0.0478770 0.0707334 0.0462657 0.0985505 0.0000000 0.0000000 0.0154237 0.1402656 0.0183585 0.0143517 0.0653543 0.0308380 0.0909169 0.0123737 0.2174511 0.0589761 0.0564657 0.0144744 0.0890774 0.0172226 0.0851168 0.0000000 0.0206547 0.0301792 0.0177630 0.0398446 0.0530235 0.1179685 0.1304419 0.0207392 0.1133696 0.0147243 0.0723371 0.0114091 0.0000000 0.1392634 0.0000000 0.0325913 0.0000000 0.0511249 0.0852287 0.0396510 0.0000000 0.0000000 0.0515208 0.0090264 0.0613220 0.0607057 
0.0108882 0.0112935 0.0171167 0.1305204 0.0135498 0.0097275 0.0120452 0.0145735 0.0120630 0.1031276 0.0434338 0.0000000 0.0090607 0.0000000 0.0160978 0.0000000 0.0180036 0.0000000 0.0388063 0.1089401 0.0389352 0.0114603 0.0218381 0.0547628 0.0143726 0.2142696 0.0000000 0.0171860 0.0154865 0.0153371 0.0727081 1.0000000 0.1759298 0.0172321 0.0000000 0.1405727 0.2049646 0.0806782 0.0538104 0.0000000 0.0154961 0.0412324 0.0000000 0.0000000 0.0322513 0.0170517 0.0117581 0.0120967 0.0119755 0.0260406 0.0339629 0.0404502 0.0000000 0.0117909 0.0126426 0.0118072 0.1860904 0.0000000 0.0161823 0.0089472 0.0315521 0.0390123 0.0469076 0.0577058 0.2053796 0.0198376 0.0155080 0.0000000 0.0459191 0.6371530 0.0133706 0.0125051 0.0134924 0.0403533 0.1325141 0.0203790 0.0186102 0.0194729 0.0356655 0.0223188 0.5012030 0.0664582 0.0315618 0.0220622 0.0269886 0.1554153 0.0298780 0.0993064 0.0159106 0.0572999 0.0123283 0.1096747 0.0000000 0.0000000 0.0000000 0.0000000 0.0000000 0.0096416 0.0164982 0.0000000 0.0346778 0.0767167 0.1022101 0.0000000 0.0138881 
0.0000000 0.0543832 0.0000000 0.0000000 0.0000000 0.0000000 0.0580026 0.0000000 0.0000000 0.0846446 0.0243345 0.1314978 0.0436313 0.0000000 0.0728039 0.0000000 0.1216194 0.0609779 0.0000000 0.1911098 0.0000000 0.0000000 0.0987650 0.0000000 0.0000000 0.0924744 0.0505664 0.0777253 0.1783165 0.0000000 0.0993106 0.1759298 1.0000000 0.0779338 0.0000000 0.1336857 0.0277869 0.1415309 0.0000000 0.0663874 0.0000000 0.1563628 0.0000000 0.0000000 0.0000000 0.1592293 0.0000000 0.0000000 0.0000000 0.0509243 0.0623782 0.0742930 0.0654598 0.0000000 0.0000000 0.0000000 0.0632360 0.0000000 0.0731858 0.0000000 0.0579502 0.0000000 0.0000000 0.0000000 0.0649133 0.0000000 0.0000000 0.0857819 0.0962548 0.2576800 0.0000000 0.0565556 0.0610209 0.0741151 0.1419661 0.0921658 0.0000000 0.0880678 0.0000000 0.0000000 0.3522217 0.0000000 0.0412260 0.0427979 0.1220586 0.0324211 0.0167396 0.0281778 0.0000000 0.0748451 0.0000000 0.0000000 0.1827927 0.0000000 0.0427783 0.0000000 0.0000000 0.1574449 0.0320043 0.0000000 0.0000000 0.1608121 0.0000000 0.0804892 0.0628104 
0.0163267 0.0409550 0.0620721 0.0000000 0.0491373 0.0352758 0.0436808 0.0528495 0.0180884 0.0288875 0.0488500 0.0786189 0.0135865 0.0000000 0.1949630 0.0263692 0.1084012 0.0269333 0.0335192 0.2152115 0.0407794 0.0415597 0.2644847 0.0573568 0.0521212 0.2476388 0.0624219 0.2081421 0.0561604 0.0556187 0.0753223 0.0172321 0.0779338 1.0000000 0.0000000 0.0984982 0.0862469 0.1593801 0.0329359 0.0819523 0.0561954 0.0934849 0.0000000 0.0000000 0.0000000 0.1207676 0.0176312 0.0181389 0.0179572 0.0000000 0.0770031 0.0917114 0.0289129 0.0427589 0.0458473 0.0428179 0.1483746 0.0239853 0.2304040 0.0134162 0.0715370 0.0336972 0.0405168 0.0604392 0.1016550 0.0719395 0.0562386 0.2012755 0.0499670 0.0000000 0.0484875 0.1780487 0.1634089 0.1263473 0.0567194 0.2468125 0.0674884 0.2358385 0.0308063 0.0334669 0.0923314 0.0696061 0.1103999 0.1328390 0.3268630 0.1006309 0.0519575 0.0874603 0.0238578 0.1172083 0.0184862 0.0000000 0.1092866 0.0000000 0.0000000 0.0000000 0.0256124 0.0144575 0.1472114 0.0232295 0.0299532 0.0834795 0.0353708 0.1888570 0.1682012 
0.0000000 0.0000000 0.0000000 0.0000000 0.0000000 0.0000000 0.0000000 0.0000000 0.0000000 0.0000000 0.0000000 0.0000000 0.0000000 0.0000000 0.0000000 0.0276581 0.0000000 0.0282498 0.0000000 0.0000000 0.0000000 0.0255666 0.0000000 0.0000000 0.0000000 0.0000000 0.0000000 0.0000000 0.0000000 0.0000000 0.0000000 0.0000000 0.0000000 0.0000000 1.0000000 0.0000000 0.0000000 0.0000000 0.0679188 0.0327473 0.0000000 0.0000000 0.0837489 0.0000000 0.0000000 0.0000000 0.0000000 0.0000000 0.0000000 0.0000000 0.0307697 0.0000000 0.0303262 0.0000000 0.0282042 0.0000000 0.0311928 0.0251577 0.0000000 0.0000000 0.0285855 0.0000000 0.0000000 0.0000000 0.0000000 0.0000000 0.0702941 0.0000000 0.0199663 0.0000000 0.0000000 0.0000000 0.0000000 0.0365592 0.0000000 0.0000000 0.0843556 0.0882657 0.0323122 0.0000000 0.0000000 0.0000000 0.0000000 0.0000000 0.0000000 0.0000000 0.0000000 0.0324051 0.0000000 0.0000000 0.0000000 0.0258116 0.0000000 0.0000000 0.0000000 0.0000000 0.0000000 0.0000000 0.0000000 0.0000000 0.0314173 0.0333576 0.0442109 0.0000000 0.0000000 
0.0154994 0.0388796 0.1019065 0.0383121 0.0806709 0.0579138 0.0717126 0.0867654 0.0474620 0.1742261 0.1878149 0.0320130 0.0356495 0.0212895 0.0595110 0.0250330 0.1481149 0.0255685 0.0870615 0.4291099 0.0781299 0.0394536 0.3941995 0.1496055 0.0494799 0.1269328 0.0592587 0.0635338 0.0533145 0.0528002 0.0393161 0.1405727 0.1336857 0.0984982 0.0000000 1.0000000 0.0818763 0.1447623 0.0949377 0.2263711 0.0922584 0.1388069 0.1777359 0.0608103 0.0459099 0.1058542 0.0462624 0.0475945 0.0170472 0.0370689 0.2215021 0.2225628 0.0615817 0.0405920 0.0435240 0.0406481 0.0317862 0.0227699 0.0924974 0.0352027 0.3420762 0.0875238 0.1052368 0.2452932 0.0530611 0.1181062 0.0533887 0.0431192 0.1081855 0.1819330 0.0460303 0.0714790 0.0498794 0.1277870 0.0538452 0.1265093 0.0640684 0.0719879 0.3829910 0.0878136 0.3083679 0.3306939 0.0656511 0.1815056 0.1675409 0.3520498 0.1012403 0.0830282 0.5231364 0.1607434 0.1635554 0.0000000 0.0936538 0.0000000 0.0000000 0.0332174 0.0243145 0.0137249 0.0609911 0.0220524 0.0777992 0.1807447 0.0580698 0.0404588 0.0513421 
0.0135715 0.0340438 0.0515972 0.0000000 0.0408452 0.0293229 0.0363095 0.0439310 0.0150359 0.0240126 0.0406064 0.0280312 0.0112937 0.0000000 0.0521090 0.0219193 0.0901082 0.0223882 0.0278627 0.0575209 0.0338978 0.0345464 0.0706905 0.0476776 0.0433256 0.0661880 0.0518880 0.0556314 0.0466832 0.0462329 0.1117968 0.2049646 0.0277869 0.0862469 0.0000000 0.0818763 1.0000000 0.1980852 0.0273778 0.0292197 0.0467122 0.0333316 0.0000000 0.0000000 0.0000000 0.0551967 0.0146559 0.0150779 0.0149269 0.0000000 0.0274551 0.0326993 0.0240338 0.0355432 0.0381104 0.0355923 0.2597846 0.0199377 0.0809925 0.0111522 0.0255062 0.0280107 0.0336795 0.0502399 0.2845658 0.0597995 0.0467481 0.0377560 0.0178155 0.2792265 0.0403051 0.0625884 0.0436753 0.0615945 0.0471479 0.0659671 0.0560995 0.0630340 0.0256077 0.0278193 0.0767502 0.0578599 0.1372103 0.1104220 0.0873627 0.2052375 0.0431895 0.1783759 0.0198317 0.0535700 0.0153666 0.0000000 0.0389656 0.0000000 0.0000000 0.0000000 0.0212903 0.0120177 0.0534050 0.0193095 0.0248985 0.0297642 0.0294019 0.0354265 0.0449562 
0.0124684 0.0129326 0.0196008 0.0000000 0.0155163 0.0811029 0.0137933 0.0166886 0.0138137 0.0797968 0.1211487 0.0600396 0.0103757 0.0000000 0.1488892 0.0000000 0.0535408 0.0000000 0.0000000 0.2687546 0.0128771 0.0131235 0.2019815 0.0181118 0.0164585 0.1891166 0.2218938 0.5444875 0.0177340 0.0175630 0.0575220 0.0806782 0.1415309 0.1593801 0.0000000 0.1447623 0.1980852 1.0000000 0.0104003 0.0625853 0.0177451 0.0713925 0.0000000 0.0000000 0.0000000 0.0922277 0.0134646 0.0138523 0.0137136 0.0000000 0.0588057 0.0700381 0.0000000 0.0135022 0.0144774 0.0135208 0.1133106 0.0000000 0.1496701 0.0102457 0.0546313 0.0000000 0.0000000 0.0190852 0.0776318 0.0227167 0.0177587 0.1537099 0.0907421 0.0988925 0.0153111 0.1156602 0.1247920 0.0698704 0.0179106 0.1884856 0.0213111 0.1801050 0.1041745 0.1747306 0.1573169 0.0219799 0.3877481 0.0656109 0.2496185 0.0497029 0.0256625 0.0431978 0.3751423 0.0895096 0.0141175 0.0000000 0.0834599 0.0000000 0.0000000 0.1435968 0.0000000 0.0110409 0.1124223 0.1185534 0.0000000 0.1516021 0.0111692 0.1442262 0.4400043 
